364 16 14 2
351 11 4 29
379 16 14 29
1 15 54 38
387 10 32 22
448 10 48 1
73 2 42 46
71 2 44 32
374 10 34 35
158 5 10 54
479 16 43 57
58 2 43 15
49 21 7 56
299 17 40 56
249 17 41 46
1 10 30 4
332 16 12 22
469 10 46 17
1 19 26 32
142 2 41 35
332 10 47 13
548 17 42 48
315 16 21 52
80 2 41 9
102 2 43 57
1 19 28 0
301 5 14 17
2 15 50 45
246 18 0 44
73 2 43 33
395 10 35 34
328 10 35 52
298 10 32 13
333 16 22 0
242 6 59 25
339 18 1 40
310 10 49 32
2 13 5 38
1 19 28 9
361 16 10 57
300 17 42 0
295 16 12 52
1 10 35 16
383 16 44 47
84 21 7 0
77 2 42 43
168 6 59 28
178 6 57 54
172 5 10 24
441 16 42 1
345 10 49 29
207 5 14 20
384 9 3 3
1 13 5 53
283 16 23 5
375 9 1 12
350 11 2 43
183 6 58 35
66 2 42 58
359 16 41 29
249 17 40 59
74 2 43 51
331 10 31 26
320 10 45 51
350 16 24 31
239 18 4 31
367 16 14 14
80 21 9 45
4 11 56 39
405 11 2 10
265 18 2 15
310 16 23 56
323 16 25 0
64 21 7 35
213 6 58 23
144 5 11 44
313 6 55 41
272 18 4 52
203 6 55 56
407 10 33 51
315 11 3 30
147 6 58 6
157 5 14 35
1 11 0 8
68 2 41 11
296 10 48 57
367 10 31 23
81 21 7 44
69 2 42 49
244 18 4 46
534 17 42 36
203 6 56 40
317 17 44 13
513 16 10 30
333 10 32 55
444 9 1 30
351 10 31 50
367 10 47 37
368 11 2 19
182 5 14 59
179 6 58 9
212 6 58 29
316 16 23 23
1 13 9 3
353 16 23 26
293 18 2 5
128 5 12 49
241 6 55 47
404 16 40 54
584 17 41 25
527 16 21 7
73 21 8 19
386 10 37 44
388 11 3 33
331 10 31 53
6 13 7 42
1 13 9 55
349 10 36 30
269 16 41 8
220 6 59 13
423 16 21 28
367 16 11 2
93 2 40 36
252 5 13 54
348 10 36 54
302 10 37 17
397 9 2 20
260 16 22 3
375 10 36 1
445 16 43 0
190 5 14 41
89 2 43 42
202 5 10 21
469 9 3 37
359 10 48 36
329 16 21 46
183 5 12 19
85 21 5 37
5 13 8 38
96 21 6 39
362 17 44 10
172 6 58 26
343 16 20 38
2 15 50 39
168 6 56 46
318 18 4 43
292 10 49 11
320 11 3 39
270 9 3 55
215 6 57 57
377 10 36 57
260 17 45 21
207 6 56 16
384 16 22 39
359 10 36 45
403 10 36 36
310 10 39 39
245 6 58 3
388 11 2 22
158 5 11 35
235 5 13 12
273 16 20 56
423 16 43 12
298 10 35 49
288 16 24 43
384 10 46 3
298 10 31 14
284 16 24 58
435 16 44 44
93 21 9 15
395 11 3 2
431 10 46 41
311 9 1 57
293 11 3 45
412 16 41 38
320 10 32 8
326 18 1 34
112 21 6 1
304 17 42 21
391 10 49 0
442 10 47 52
389 11 2 55
221 18 1 58
264 5 11 3
228 18 1 19
2 15 51 44
474 16 42 31
102 21 8 28
37 21 7 38
287 10 31 3
377 18 3 47
369 10 39 24
5 15 50 51
432 10 37 6
362 10 45 36
174 7 0 2
328 16 41 11
57 2 40 15
338 16 43 6
261 17 45 9
329 16 10 42
86 2 42 5
351 11 3 27
52 21 7 17
210 6 56 10
364 10 47 34
298 10 49 9
415 16 14 38
256 6 57 18
392 10 47 46
289 17 44 34
285 18 3 41
337 16 11 11
45 21 7 32
213 5 13 45
350 9 1 48
467 10 46 53
196 6 56 49
288 18 0 50
497 16 42 7
67 2 40 12
410 16 11 41
1 15 52 25
259 18 1 46
1 13 8 29
379 11 4 32
358 16 20 59
304 16 40 33
236 18 2 33
372 16 40 51
527 11 1 11
418 9 3 0
164 6 57 51
355 10 45 54
371 9 2 32
292 11 4 17
276 17 42 6
1 11 57 44
506 10 38 5
307 11 3 48
70 2 41 14
320 16 44 17
59 2 44 17
4 15 51 38
159 21 6 12
253 6 58 17
463 16 41 53
368 10 36 4
246 5 12 43
336 11 1 50
337 17 43 23
447 17 41 4
388 16 42 28
338 16 44 23
374 18 3 38
197 6 55 14
1 15 50 36
367 16 13 12
227 18 5 5
474 16 40 36
367 10 39 15
341 9 3 40
113 21 5 28
1 15 52 22
3 15 52 46
407 16 42 13
434 16 22 15
373 16 21 31
200 6 59 10
344 16 21 58
415 10 35 37
4 11 59 51
354 10 33 33
302 9 2 29
396 10 33 42
460 10 34 23
297 10 49 20
2 19 27 31
394 16 22 36
403 16 24 28
369 9 0 52
328 16 20 47
542 16 43 36
266 18 2 12
238 17 41 49
334 16 41 14
236 18 3 23
222 18 1 0
321 16 41 41
272 18 3 26
458 11 2 6
102 2 42 25
320 16 14 20
378 9 0 31
229 6 57 12
325 16 12 49
518 16 21 22
47 21 7 59
302 16 13 9
391 11 1 38
223 6 57 30
84 21 6 33
400 10 38 34
317 16 42 55
4 15 52 43
263 18 1 37
468 10 34 47
80 2 44 38
307 16 13 33
353 10 49 38
82 2 42 2
50 2 45 5
89 21 5 43
183 6 56 5
359 16 23 38
2 11 55 37
321 17 44 19
320 16 44 11
457 16 42 25
191 7 0 5
268 18 3 14
294 11 4 1
344 10 47 19
374 10 37 9
302 17 45 18
406 16 21 49
421 10 37 35
184 6 58 50
429 10 39 1
368 11 4 20
95 21 8 16
79 21 10 8
196 5 15 5
326 10 48 39
351 17 42 24
280 11 4 11
95 2 40 18
319 16 13 27
213 6 56 34
65 21 7 50
328 10 31 38
214 6 58 59
76 2 43 12
298 5 14 47
321 16 12 55
206 6 58 11
310 16 11 26
377 10 49 47
323 11 4 14
254 6 59 55
348 16 41 26
466 11 0 39
63 2 44 59
371 10 39 12
279 16 23 11
127 2 44 56
202 17 40 29
156 5 11 0
338 16 12 43
602 16 22 51
215 6 56 2
108 21 5 49
383 10 39 36
550 10 48 51
2 16 10 27
354 10 32 43
362 9 4 15
198 5 13 33
306 17 42 15
316 16 42 34
198 18 5 8
69 21 8 58
72 21 9 48
93 21 10 2
81 2 43 4
463 9 3 28
122 21 10 18
313 16 22 6
212 5 13 30
316 5 13 42
364 10 33 7
291 5 14 3
2 6 55 6
248 18 1 6
297 10 38 40
69 21 9 36
167 2 41 44
417 9 4 12
168 5 12 46
193 6 56 8
368 10 36 27
76 2 43 1
179 5 13 7
412 9 4 33
269 18 4 40
393 9 2 41
246 5 12 2
580 16 11 50
393 16 42 37
310 10 33 54
372 18 5 18
53 21 6 57
54 2 41 3
367 17 43 35
583 16 43 39
32 15 53 9
54 21 7 53
393 10 32 25
190 5 10 18
284 10 37 0
59 2 44 41
416 17 41 16
316 10 32 2
4 11 59 57
82 21 10 12
383 9 1 8
247 5 10 57
200 6 56 25
203 6 59 46
301 6 55 17
292 16 42 49
3 11 0 27
411 10 34 38
2 19 28 24
385 16 14 23
359 16 11 56
249 18 4 25
76 2 40 48
156 5 11 56
406 9 3 19
351 11 2 52
72 2 43 27
397 17 43 41
86 2 40 45
1 13 5 29
298 16 22 57
363 10 48 18
225 6 58 0
216 18 2 8
390 10 32 19
245 17 44 37
373 17 44 22
341 17 45 3
401 16 12 4
362 9 1 45
197 5 12 22
360 10 36 21
3 19 27 58
389 16 23 35
276 18 4 10
326 16 13 6
182 18 0 32
3 11 56 33
1 11 56 45
394 10 36 39
464 10 34 0
435 9 2 38
163 5 12 16
379 11 0 33
2 19 27 7
188 6 57 39
327 16 11 14
143 21 5 34
447 10 33 12
297 16 12 13
81 2 42 40
334 10 39 18
399 16 14 50
296 18 2 39
328 16 44 26
304 16 43 24
244 18 4 37
359 11 4 53
297 9 0 40
150 2 44 47
392 9 1 2
314 16 44 5
396 10 46 14
326 10 48 45
367 17 40 53
75 21 6 30
343 16 25 3
397 17 41 10
287 10 32 40
116 2 42 31
308 16 23 32
110 2 41 50
483 16 12 10
421 16 12 19
343 11 0 30
280 16 20 44
220 6 56 55
270 5 13 27
55 21 7 26
374 10 46 56
251 5 11 9
2 13 6 28
122 2 43 18
81 2 44 35
368 16 13 42
280 17 44 25
147 5 14 9
419 10 31 0
177 6 58 38
109 21 6 15
410 16 21 19
349 16 24 13
79 21 8 37
277 16 41 32
322 16 12 25
332 10 49 26
377 16 43 21
336 18 4 3
313 16 23 20
1 19 27 52
58 2 43 36
183 6 57 7
216 6 55 20
419 11 1 1
194 5 11 50
308 16 21 37
259 17 44 58
359 10 33 1
261 16 24 22
94 2 42 37
52 2 43 39
427 10 38 52
435 10 46 6
430 10 48 15
412 10 47 2
330 16 24 46
416 10 35 58
215 5 11 14
358 10 31 44
473 10 34 32
384 10 30 45
456 11 1 26
183 6 59 37
269 18 4 16
109 2 42 22
389 10 31 47
367 11 0 36
376 10 31 6
333 10 31 35
316 17 40 35
192 5 11 20
361 10 39 42
433 16 24 25
382 10 46 35
401 5 13 36
373 10 30 30
155 5 12 40
222 5 12 8
329 16 24 10
384 16 43 54
327 10 32 5
1 11 57 41
1 19 26 59
67 21 8 10
2 13 6 9
74 2 43 54
85 2 42 16
390 16 23 44
491 16 12 1
421 9 4 5
432 10 46 50
431 10 46 11
381 10 34 3
349 16 41 20
370 10 35 28
450 11 1 14
372 16 43 27
64 21 9 24
249 17 43 50
1 10 44 55
502 16 10 33
332 17 44 55
175 5 10 42
430 16 10 39
314 16 40 42
289 5 13 21
397 16 13 45
364 10 48 7
184 6 55 44
347 16 13 48
473 16 12 40
375 18 3 35
93 21 9 21
385 9 3 9
318 10 37 26
405 10 38 46
312 9 3 25
508 17 43 53
449 9 3 52
362 11 1 44
188 5 10 39
306 5 13 39
310 17 43 8
321 16 44 38
216 6 55 50
403 11 2 25
166 5 10 30
109 2 44 26
2 19 29 50
412 10 49 14
343 10 39 30
371 10 38 2
363 10 34 29
828 16 43 51
201 18 0 29
117 21 6 21
454 11 2 46
89 2 40 24
264 16 20 35
302 16 22 18
152 6 58 53
343 10 38 55
385 11 1 32
5 10 30 27
2 13 9 58
483 10 34 26
71 21 7 11
1 11 56 21
414 9 2 56
2 13 5 50
363 10 38 19
427 10 46 44
142 21 9 39
168 6 59 34
210 6 56 43
115 2 42 19
219 5 15 2
430 11 2 28
345 17 43 29
336 16 22 54
216 18 4 9
376 16 10 48
237 5 10 27
404 18 3 29
336 10 32 31
387 16 21 55
429 16 21 16
98 21 8 43
256 6 55 35
123 21 6 18
364 10 33 27
311 6 56 13
407 16 24 37
571 16 21 25
355 18 2 30
1 19 28 15
330 10 38 37
184 18 4 13
71 21 9 27
151 5 11 41
352 16 14 8
311 18 3 59
3 15 52 55
476 9 4 21
411 10 48 21
78 2 43 7
85 2 43 45
1 13 5 56
393 16 12 46
455 10 35 31
1 13 6 22
187 5 10 33
335 9 1 5
5 15 50 42
286 18 1 9
150 21 5 31
476 17 42 39
369 10 36 18
364 10 31 20
64 21 7 3
73 21 10 21
367 10 36 33
163 5 11 11
1 19 28 27
363 10 47 31
476 9 4 24
587 16 21 10
2 11 55 25
62 2 40 7
213 16 23 8
105 21 6 24
539 18 5 21
322 10 31 41
4 13 7 57
4 13 6 40
237 17 41 1
233 17 44 4
389 10 38 28
252 18 2 48
100 2 41 20
354 17 44 40
93 21 9 4
463 10 38 22
86 21 9 30
95 21 8 31
364 16 11 8
405 10 37 53
269 18 5 24
457 17 42 45
408 10 46 47
273 5 14 53
233 17 44 49
1 10 30 18
427 17 42 30
387 10 30 51
400 10 36 48
196 5 12 34
188 18 0 41
361 10 37 47
110 21 5 55
242 18 4 22
82 21 9 1
1 13 7 8
2 11 57 56
303 16 44 2
190 18 1 28
301 11 3 21
444 10 47 28
97 21 6 48
209 6 55 32
365 17 43 14
372 10 49 41
1 16 20 23
291 16 23 41
304 18 0 53
222 18 1 16
464 11 4 4
360 5 11 59
199 5 13 4
199 5 14 0
291 17 45 27
303 16 13 54
260 18 1 3
497 16 42 4
382 10 46 38
326 16 23 53
133 5 11 6
425 10 36 24
270 18 5 12
97 21 9 12
396 10 38 31
47 21 7 9
436 16 13 57
260 16 22 12
330 18 3 53
59 21 9 51
378 11 2 40
1 11 59 54
325 11 1 4
239 6 59 2
427 16 44 8
397 10 46 23
299 11 3 54
355 10 47 43
268 17 43 56
361 11 4 41
50 2 44 50
294 18 5 15
1 19 29 2
336 16 22 27
287 17 41 31
364 16 13 21
213 18 1 22
367 16 13 0
376 11 0 57
443 10 37 59
430 9 4 2
76 2 42 13
99 2 44 14
415 9 1 42
409 10 32 34
285 17 43 44
359 17 41 13
315 17 42 27
372 9 0 28
323 16 21 34
332 16 41 44
359 16 12 7
84 2 40 33
300 16 13 30
304 10 31 29
355 10 47 55
376 9 3 16
76 21 8 13
276 17 44 52
333 16 20 53
462 16 10 36
345 9 4 42
367 9 2 50
1 17 39 45
611 10 33 48
331 16 14 5
344 9 3 22
402 16 43 42
349 10 33 18
90 21 8 2
437 11 2 13
81 2 44 29
41 21 7 20
99 21 10 24
395 9 1 27
321 16 24 34
445 10 32 49
62 21 6 51
174 6 59 16
4 11 56 15
76 2 41 23
364 10 45 42
389 10 37 50
362 10 48 33
309 11 4 47
465 9 1 21
378 11 0 42
59 21 8 22
543 10 38 10
85 2 41 0
187 5 12 25
65 2 40 21
462 18 3 44
1 13 7 51
361 16 43 15
308 6 57 24
175 5 14 6
352 16 12 16
385 10 30 39
359 10 32 10
357 11 4 23
435 16 24 52
361 9 3 6
170 6 59 19
446 16 42 10
64 21 6 54
387 10 37 56
416 16 23 47
373 9 2 11
443 10 46 20
192 6 59 52
227 5 14 32
228 18 0 35
384 10 34 11
267 18 2 18
391 18 4 49
118 21 5 46
259 17 42 12
418 16 24 55
301 18 4 19
269 18 2 45
179 18 4 34
101 21 8 49
471 16 42 19
754 16 43 45
229 17 41 43
319 17 43 2
430 9 0 55
273 17 41 52
351 10 34 44
160 5 11 38
63 21 7 14
81 21 8 52
349 11 4 26
387 16 42 58
526 16 21 4
5 16 40 27
310 16 41 17
235 18 0 47
413 10 37 32
493 11 1 53
74 21 8 8
187 6 58 20
249 18 4 0
255 18 3 32
345 11 2 9
285 18 3 11
396 16 24 49
341 16 20 41
295 16 44 20
178 6 55 38
389 10 49 50
433 11 2 49
478 9 3 58
366 10 47 22
340 11 3 12
346 11 3 51
78 2 41 59
390 9 2 1
334 11 3 15
193 5 13 1
293 10 39 33
558 11 2 3
256 6 59 5
498 16 11 53
315 11 4 35
185 5 13 57
141 2 41 29
412 10 46 26
196 5 14 11
326 10 48 27
327 11 3 57
346 16 42 43
423 16 22 30
248 18 3 1
482 16 21 1
381 10 39 27
386 9 4 8
256 17 45 12
192 18 0 38
314 16 12 58
204 6 58 14
63 21 6 45
94 21 6 42
113 2 42 10
182 6 55 9
71 21 9 18
349 11 3 24
88 2 44 6
143 2 41 32
255 17 41 58
4 13 9 13
280 17 42 9
404 16 11 47
419 16 40 39
53 21 8 55
191 6 58 32
286 6 57 36
189 6 55 59
466 9 1 33
360 9 3 13
332 16 44 14
4 13 6 3
449 16 13 24
289 17 44 1
60 2 44 44
325 16 23 29
414 16 41 23
48 21 7 41
103 21 8 40
231 16 20 32
444 10 33 24
356 16 23 17
354 10 33 15
266 16 23 2
256 18 0 59
187 6 59 49
452 10 38 13
252 6 57 42
322 11 2 37
313 16 22 24
88 2 44 23
267 17 42 18
266 18 2 54
346 11 4 50
321 10 32 46
304 16 43 18
455 11 1 35
80 2 43 48
386 16 22 21
84 21 8 25
223 6 57 48
486 16 22 42
420 10 34 20
55 2 44 20
41 2 45 2
318 17 42 3
103 2 40 54
108 2 40 57
16 10 45 27
352 16 11 23
358 9 3 43
262 17 40 41
1 12 0 11
482 9 1 39
407 10 34 9
476 10 32 28
164 5 11 29
183 6 56 52
236 5 12 13
272 18 4 28
444 16 42 40
2 18 0 23
331 10 37 14
226 17 44 43
395 10 34 50
365 11 3 18
413 16 22 33
60 21 7 29
294 10 49 6
216 5 14 50
174 6 59 22
408 10 38 49
182 2 41 26
255 10 32 16
222 6 57 4
1 16 10 18
67 21 7 6
343 16 24 1
274 18 3 20
64 2 44 53
306 10 45 33
302 11 3 5
411 10 34 17
340 16 11 5
408 10 33 4
386 9 1 36
449 9 4 36
280 17 41 55
370 9 0 37
386 10 35 43
237 18 5 2
411 17 40 44
334 9 3 31
303 16 23 14
238 18 1 43
287 18 3 56
248 10 48 42
211 6 56 58
304 18 2 2
240 6 56 22
365 10 47 25
1 15 52 19
376 10 39 4
386 16 41 35
160 5 10 48
196 5 12 31
268 17 45 0
2 19 29 23
289 11 0 54
1 11 57 11
1 16 40 0
411 16 24 19
361 16 11 44
384 10 49 23
71 2 42 28
167 5 14 38
405 16 14 32
236 5 14 44
319 10 37 11
356 9 3 34
192 5 14 23
461 9 4 30
2 11 58 34
373 10 30 57
377 16 13 3
205 6 55 53
420 9 2 59
385 16 40 57
248 6 56 37
358 16 11 17
411 10 45 45
72 21 6 36
346 11 1 7
256 17 40 32
239 18 1 55
322 16 21 43
124 21 8 46
391 10 34 14
52 2 43 24
348 16 14 41
292 17 43 47
209 5 12 52
390 11 2 16
269 17 45 15
332 10 30 36
414 10 45 57
389 9 2 14
1 12 0 14
99 21 9 57
114 2 40 27
478 10 33 45
360 10 47 16
274 17 41 37
363 10 46 59
208 5 14 56
479 10 38 25
426 10 35 55
469 16 43 33
313 17 40 50
1 19 26 2
328 16 14 35
520 9 2 26
91 21 9 33
168 6 59 8
441 10 31 9
352 10 45 39
449 9 3 10
271 6 55 29
356 10 48 54
271 17 41 40
381 9 1 54
1 11 56 27
313 17 44 16
454 16 11 35
342 17 44 28
507 16 10 51
3 15 50 57
352 10 33 36
379 16 42 16
330 16 40 48
1 19 25 39
302 9 2 17
237 5 11 53
1 19 30 22
176 6 57 27
5 13 8 41
386 16 43 3
429 17 42 42
339 16 24 7
85 2 42 55
2 5 10 4
261 6 55 26
260 18 1 25
188 6 57 21
418 10 37 41
372 10 36 12
235 18 5 27
300 10 45 48
349 9 0 43
319 16 12 28
423 10 33 39
407 11 4 56
373 16 11 59
130 21 5 52
266 16 41 5
177 5 10 15
1 19 28 51
228 18 1 10
44 21 7 23
340 18 3 50
2 11 58 46
234 18 2 57
353 16 22 9
452 11 0 48
319 11 4 7
252 5 11 32
243 18 4 6
243 18 2 51
181 5 14 29
150 2 44 0
481 10 48 4
304 16 24 4
334 11 2 31
405 10 31 32
107 2 41 47
358 10 33 21
368 11 1 59
400 10 38 43
393 11 4 44
1 13 6 58
359 16 41 50
181 6 57 45
366 10 36 7
189 5 14 26
344 16 23 59
341 16 40 30
256 17 44 31
455 10 33 30
393 10 36 15
406 16 10 54
230 5 13 51
66 2 43 30
440 17 42 57
194 6 58 44
359 10 47 5
370 10 46 9
88 2 44 3
325 16 43 9
124 21 6 27
383 16 42 46
7 11 58 40
291 17 43 38
80 2 42 34
3 13 10 17
402 9 4 27
84 2 41 17
426 9 3 49
322 11 2 34
2 15 52 40
384 16 44 41
476 10 37 20
395 11 2 0
224 5 13 18
376 10 30 42
278 17 43 11
417 10 30 54
88 2 41 38
413 10 49 17
407 16 22 45
254 16 13 39
120 21 6 7
394 9 1 15
215 5 10 36
139 5 10 7
280 17 40 47
370 16 41 56
159 5 11 23
304 18 3 4
217 6 57 1
327 10 34 6
266 17 44 46
384 16 42 52
280 18 3 17
83 21 10 15
178 2 41 41
388 10 30 48
116 2 42 8
186 5 10 45
404 16 10 45
289 16 24 16
388 10 48 24
239 18 2 21
427 11 1 29
215 6 57 15
344 9 0 34
473 16 22 48
335 16 14 11
350 9 2 4
479 10 38 8
227 5 12 58
340 9 2 47
1 11 56 42
446 10 36 42
331 18 4 58
1 16 39 37
96 21 6 4
313 9 2 53
192 5 11 17
326 11 3 8
383 11 1 20
200 6 58 47
245 17 43 26
210 5 12 37
174 5 10 12
653 16 43 48
394 9 1 18
543 10 39 45
2 13 6 46
337 16 20 29
354 11 1 56
218 6 59 31
230 5 12 55
527 17 41 7
73 21 9 54
337 10 37 29
462 16 14 17
352 11 4 38
269 5 13 15
85 21 8 5
261 18 3 7
432 10 48 12
214 18 0 56
60 2 41 6
254 5 14 14
254 16 21 40
316 10 30 33
454 10 48 48
405 9 2 35
355 16 12 37
170 2 41 56
274 5 13 24
103 21 10 27
345 9 2 44
374 10 36 51
208 6 55 23
270 6 56 28
472 9 2 7
376 17 44 7
316 10 31 56
301 16 13 15
317 17 42 51
3 15 54 47
333 16 44 29
306 10 35 40
185 6 59 40
367 9 0 49
415 16 20 50
2 11 57 50
307 10 31 17
294 10 32 37
338 10 35 46
576 16 41 59
372 10 46 32
82 2 44 9
385 10 46 0
377 10 38 58
365 9 0 46
314 10 32 52
399 11 1 41
184 5 11 26
514 17 41 19
400 18 4 55
381 11 3 36
362 10 37 23
345 10 47 58
49 21 7 47
193 6 56 19
292 17 43 20
368 17 43 17
502 9 3 46
434 9 0 58
3 19 27 46
2 13 9 0
433 17 41 22
242 18 2 24
351 17 43 32
4 19 25 54
102 2 41 53
224 18 1 49
163 6 58 41
1 15 52 52
445 18 2 36
310 10 37 3
159 21 5 58
138 21 5 40
103 2 40 42
527 16 11 38
473 17 42 33
244 5 12 10
436 10 37 38
370 10 49 35
297 18 1 52
441 9 1 24
461 16 41 2
520 17 41 34
407 9 4 39
77 2 40 39
327 16 13 51
117 21 8 34
526 16 42 22
410 17 41 28
230 6 59 43
388 10 47 8
225 6 57 33
472 11 0 45
314 16 24 40
3 11 58 28
421 9 1 51
1 13 6 34
202 6 55 11
288 17 45 24
2 13 8 11
330 18 2 42
277 16 13 36
275 11 3 42
351 16 23 50
411 10 47 40
303 10 49 44
381 10 46 29
237 5 11 47
76 2 42 52
300 16 41 47
501 16 11 32
343 16 11 29
466 11 0 51
321 16 12 31
281 17 42 54
408 16 14 26
407 16 40 45
367 10 39 7
506 16 21 13
325 16 12 34
60 2 44 11
177 5 13 48
1 19 26 5
350 10 39 21
80 21 10 5
457 11 1 17
422 9 4 18
218 18 1 13
438 10 33 57
88 21 9 7
318 17 43 59
187 18 1 31
360 11 1 47
377 18 2 27
234 5 12 5
338 16 11 20
330 10 31 59
324 10 49 3
195 6 58 56
445 10 47 10
173 5 12 28
412 9 2 23
332 16 44 32
381 11 1 23
360 10 31 11
528 10 47 49
171 6 59 58
288 17 45 6
54 2 43 21
294 10 32 58
208 6 56 31
2 13 5 44
308 11 2 58
317 16 13 18
113 2 40 51
267 17 40 38
374 10 45 30
111 2 40 30
308 10 34 41
390 10 38 16
350 16 14 44
504 16 43 30
256 5 10 51
95 21 9 42
381 16 44 35
325 10 48 30
324 17 43 5
399 16 14 47
157 2 42 11
63 21 6 58
97 2 44 42
419 11 1 51
334 16 40 52
454 9 0 29
342 9 3 20
303 16 41 18
351 16 42 53
56 2 40 8
1 19 26 18
254 18 4 7
271 16 44 3
334 17 40 36
237 5 13 8
219 18 1 32
357 16 14 6
364 10 37 51
361 10 49 48
372 10 31 4
203 18 0 33
344 11 2 41
122 21 6 5
377 11 1 27
407 16 14 51
343 16 43 16
175 7 0 3
332 17 44 59
365 10 47 38
422 16 41 24
374 11 3 22
340 10 36 16
110 21 6 37
314 17 43 15
319 18 3 39
453 10 36 28
273 18 1 26
205 5 12 41
126 21 6 34
280 11 3 19
1 17 40 21
304 17 40 42
328 17 45 16
91 21 9 10
217 6 56 0
209 5 11 27
357 16 23 36
74 21 10 22
861 16 11 54
319 11 2 59
1 16 20 27
217 5 13 55
337 10 32 17
394 16 12 2
246 6 59 44
197 6 56 23
383 16 13 43
171 5 14 57
420 10 45 58
424 11 0 34
321 16 13 1
338 16 24 26
399 10 36 13
45 21 6 52
1 11 55 50
250 18 3 24
91 21 9 22
341 17 43 33
41 2 45 3
344 16 20 33
510 16 24 38
373 16 42 20
378 18 3 36
1 10 29 47
103 21 9 43
267 10 49 42
176 5 13 49
59 2 44 21
245 18 5 3
395 16 42 29
379 10 32 26
393 16 42 5
246 17 44 47
312 10 49 33
245 6 57 22
338 10 37 12
273 6 57 55
433 10 31 12
122 2 43 49
235 17 43 51
295 16 13 19
329 16 14 36
225 6 55 51
309 10 46 36
366 10 48 8
165 6 59 20
302 17 43 54
283 16 24 17
207 5 10 43
68 21 9 55
93 21 6 31
303 17 40 54
157 5 14 7
370 16 11 18
457 10 31 24
414 10 48 52
477 10 32 41
265 17 44 8
432 9 1 22
382 17 45 22
359 17 45 4
393 9 2 57
409 16 44 18
399 9 3 17
336 9 3 26
359 11 4 8
241 5 14 33
2 13 8 57
437 10 46 51
1 16 20 15
174 2 41 39
79 2 40 49
193 18 1 11
267 6 55 18
426 16 24 11
265 6 55 21
63 21 7 7
521 9 1 40
232 17 45 19
482 11 1 18
202 6 55 45
385 17 42 28
300 6 56 17
183 5 12 35
343 16 21 59
294 10 32 53
99 2 42 50
418 17 43 36
348 10 47 53
407 16 12 47
54 21 7 15
295 16 40 28
321 16 22 55
3 10 45 25
256 6 57 43
4 11 58 9
4 11 59 19
400 11 0 40
484 11 2 23
219 18 1 47
350 17 41 59
265 5 14 18
1 10 44 53
246 17 41 41
1 11 55 47
320 17 43 3
275 10 45 49
4 15 52 47
222 5 10 31
442 10 48 2
186 6 56 47
239 17 42 7
408 10 38 59
121 21 6 43
251 6 57 2
327 16 43 1
95 21 8 41
334 17 42 37
172 6 59 17
305 16 24 23
4 13 7 25
250 17 42 16
114 2 40 58
680 17 41 8
397 10 46 42
405 10 48 49
323 16 12 26
281 9 0 44
387 16 40 34
264 18 2 16
126 5 11 36
343 16 10 55
418 18 3 54
1 11 58 38
70 21 8 0
213 5 10 52
92 21 9 13
336 17 40 48
281 18 0 51
445 9 1 16
363 11 3 31
1 19 28 40
392 18 4 56
332 16 13 7
1 12 0 27
392 10 34 12
82 21 8 20
432 11 1 48
417 10 39 2
390 9 4 3
609 10 33 46
353 11 3 0
329 10 47 14
368 16 13 25
568 16 21 5
518 16 21 20
352 10 35 56
130 5 12 50
3 13 6 41
330 16 44 27
477 10 34 27
365 10 36 58
379 10 47 29
344 16 13 55
431 10 46 48
353 10 49 15
2 15 51 0
218 18 0 54
383 18 4 50
211 5 11 21
596 16 11 51
59 2 40 22
398 10 38 47
1 6 54 46
296 9 1 52
104 2 40 40
269 5 12 3
293 18 3 33
405 11 4 42
335 11 1 45
379 9 2 33
464 10 33 19
510 16 11 39
299 17 44 23
371 9 4 40
375 9 1 19
394 10 49 18
343 10 33 55
121 21 5 41
85 21 9 46
228 18 2 34
380 16 44 6
299 16 40 55
259 10 32 14
422 10 34 1
321 9 2 5
248 17 41 56
333 10 31 36
345 10 38 14
464 10 33 16
373 16 10 40
497 16 43 28
495 10 38 20
88 2 43 52
333 16 12 59
79 21 8 17
243 5 13 31
279 6 55 54
355 16 11 45
311 16 11 15
1 11 58 53
358 11 3 46
174 6 58 24
246 18 2 40
95 2 42 14
415 16 42 2
61 2 43 5
99 2 40 16
345 10 31 51
82 21 8 3
464 16 21 56
318 10 46 1
222 18 5 13
370 11 0 58
299 5 13 13
367 18 5 0
397 11 2 14
304 6 55 33
293 11 3 49
3 15 52 50
393 10 30 31
1 16 10 16
200 6 58 21
44 2 44 27
317 16 11 0
301 10 33 5
235 18 1 53
96 21 9 28
497 16 44 33
216 18 3 2
77 2 40 31
166 5 11 54
402 10 38 32
278 11 1 57
363 10 32 50
406 17 41 11
203 6 57 5
422 9 2 30
275 17 44 5
587 16 43 49
295 10 39 40
500 9 4 31
3 13 9 32
1 10 44 29
82 2 42 41
200 5 12 56
379 16 13 46
441 16 14 48
286 10 31 27
145 5 11 42
361 9 4 6
323 16 10 46
68 21 7 54
498 9 2 12
415 9 4 0
326 16 41 21
292 16 40 43
64 21 7 33
390 9 3 29
356 10 48 13
1 11 59 52
2 13 7 22
314 11 0 31
185 6 59 50
74 2 42 53
307 16 44 36
227 6 57 46
368 10 38 53
278 16 41 33
345 10 46 15
411 17 42 40
275 16 13 37
325 10 49 1
408 10 38 11
352 9 2 39
350 10 35 38
178 5 11 24
297 10 45 28
272 17 42 4
368 16 14 9
459 10 38 0
78 21 6 49
194 5 13 19
102 2 41 33
354 11 2 11
319 16 23 42
487 16 22 37
453 9 4 28
218 18 2 10
1 19 26 48
191 6 58 18
301 18 2 3
74 21 6 46
386 16 40 40
391 16 12 29
319 10 49 36
191 5 10 8
365 10 48 43
643 16 21 2
339 16 24 50
292 11 4 21
467 9 4 22
1 19 29 45
366 16 41 51
383 10 46 33
206 18 4 26
467 10 30 55
397 9 1 58
431 9 1 28
323 16 12 8
427 11 1 36
64 2 42 59
337 11 2 56
195 18 0 36
314 16 21 38
59 2 43 16
3 11 56 52
1 15 52 17
390 10 36 19
320 18 3 42
431 10 37 21
118 2 41 30
325 16 24 14
2 13 8 48
174 6 58 54
316 11 4 12
165 21 5 50
241 5 12 6
309 16 41 42
365 16 14 0
308 18 5 25
316 10 34 30
287 16 23 15
540 16 42 17
97 21 8 9
288 16 41 9
96 2 43 55
5 13 6 44
387 9 2 2
401 16 43 55
354 10 39 34
181 6 59 11
242 6 59 26
331 11 4 54
373 16 44 0
126 2 41 51
387 11 2 26
211 5 13 5
2 19 26 24
179 5 10 58
2 13 9 41
299 10 49 4
323 16 12 23
344 10 49 51
227 18 2 22
334 10 36 37
170 5 10 10
395 10 32 0
337 16 11 57
82 21 8 50
68 2 42 44
247 18 4 11
224 5 14 1
249 17 44 53
297 17 40 39
203 5 11 1
425 10 38 50
336 6 56 38
513 10 37 33
441 9 2 51
150 11 4 57
188 5 11 4
355 16 22 43
76 2 41 48
542 11 2 50
357 16 10 43
178 7 0 0
206 6 55 15
282 6 57 25
385 10 47 17
364 9 2 54
178 5 12 44
402 16 10 58
2 11 56 58
428 16 11 33
2 11 59 13
74 21 10 10
3 13 6 35
1 19 28 13
306 17 41 5
201 18 3 5
66 2 43 46
226 18 2 31
336 11 2 44
352 10 39 25
1 11 58 3
516 16 24 2
378 11 2 35
320 10 49 39
445 10 36 49
83 2 40 43
380 16 43 19
248 6 58 7
234 17 41 53
325 17 44 14
176 6 58 48
270 17 42 52
446 10 46 57
446 11 4 5
284 16 44 21
188 18 3 21
71 21 7 45
2 15 52 44
1 11 58 59
412 9 2 18
282 5 12 17
397 10 47 59
303 17 40 51
77 21 7 21
6 15 54 39
253 18 4 20
369 16 24 47
313 11 3 58
181 2 42 23
94 2 40 52
184 5 10 49
289 16 20 48
2 15 50 43
331 16 22 13
234 18 4 32
61 21 10 6
237 17 42 10
391 10 47 23
285 16 12 14
314 16 41 36
78 21 8 38
770 16 22 52
360 16 22 49
354 16 14 33
394 10 37 45
308 16 23 57
338 16 23 51
2 13 7 0
311 16 23 33
228 6 59 41
87 21 8 29
408 16 42 41
393 10 35 44
345 5 13 22
435 17 42 31
150 5 10 19
331 6 56 53
414 16 41 3
399 16 11 36
376 16 12 20
94 2 41 12
150 5 11 39
72 2 43 31
263 18 1 56
3 13 5 42
1 13 8 5
292 16 23 0
239 18 2 25
77 21 10 16
339 16 12 50
353 18 3 45
410 9 2 21
1 15 55 17
589 16 43 40
410 10 34 48
281 17 43 45
360 16 40 31
516 17 42 43
502 17 41 23
34 21 7 18
128 5 11 45
1 13 5 48
225 18 0 57
1 19 25 25
338 10 39 16
2 11 56 46
240 17 44 2
526 11 0 46
399 16 14 24
420 10 37 54
293 16 41 15
191 6 57 13
289 10 32 9
109 2 42 20
327 18 2 28
413 17 42 58
356 10 32 38
355 10 38 44
308 16 41 6
374 10 35 32
345 10 38 23
267 10 32 56
286 18 2 13
99 2 41 57
242 6 56 20
349 10 39 13
220 6 59 56
407 10 49 21
182 5 10 34
78 21 8 14
320 10 36 31
336 16 22 58
368 10 32 3
277 17 44 35
311 18 4 14
211 18 3 18
1 15 51 21
248 18 1 4
205 5 11 15
387 9 1 49
98 2 42 32
463 16 10 34
320 10 49 30
85 2 40 13
194 6 58 36
486 16 10 37
232 17 44 32
362 10 33 31
281 16 23 3
396 9 3 44
1 19 27 44
319 6 55 48
60 2 41 1
391 9 0 50
332 17 41 35
1 10 44 50
452 10 47 0
127 21 5 29
178 2 41 36
417 16 21 50
259 6 58 33
386 11 1 21
66 2 40 28
151 21 6 16
1 19 29 39
367 10 36 40
66 2 43 37
444 16 42 14
81 2 40 37
332 10 32 29
371 10 47 20
438 10 35 41
5 13 8 42
347 11 1 2
379 16 40 58
157 6 58 27
1 19 30 14
301 16 24 59
245 6 57 28
303 17 43 24
321 10 39 10
366 10 37 57
346 16 12 32
360 18 3 48
3 13 7 40
429 16 14 21
395 17 41 17
234 18 2 19
1 11 59 40
438 10 36 10
306 17 40 30
339 16 21 53
187 5 12 9
321 17 43 21
314 16 22 4
366 16 11 12
188 5 14 30
507 10 46 4
225 18 2 0
179 6 55 57
317 17 45 7
43 21 7 24
231 17 45 10
220 18 1 35
365 16 40 49
107 2 41 54
196 5 14 4
197 18 2 58
203 5 14 12
400 10 45 31
94 21 6 13
367 10 33 37
11 18 5 28
363 16 42 35
200 5 10 25
389 9 1 9
263 18 4 41
3 17 40 27
228 5 10 40
216 6 56 6
116 2 44 15
281 10 31 21
320 9 0 41
459 16 43 43
322 10 36 46
321 10 37 27
337 10 39 31
183 6 59 9
1 18 0 21
349 11 3 13
421 9 3 59
409 17 41 20
627 16 11 48
305 9 3 23
239 21 6 19
304 11 2 38
1 13 5 57
196 6 56 44
314 16 21 47
111 21 6 8
89 21 9 40
2 15 54 45
383 9 1 13
88 2 44 48
204 18 2 9
351 16 22 19
371 9 0 59
196 5 12 20
234 18 1 14
3 13 5 39
296 10 47 26
498 10 34 24
167 6 57 49
414 11 0 52
64 21 7 12
360 9 3 11
369 16 22 10
127 2 42 38
1 11 55 32
389 9 0 53
126 5 11 7
402 9 4 37
310 16 24 29
396 11 2 17
337 16 44 24
403 9 3 14
312 16 24 5
66 21 7 4
369 16 23 30
347 16 43 4
474 9 0 56
209 18 0 39
308 10 49 24
294 17 44 17
494 16 22 31
352 16 13 16
224 5 11 48
414 16 12 56
354 9 0 38
261 18 4 38
349 16 13 13
1 16 40 22
405 16 24 53
124 2 42 17
190 18 1 20
338 16 42 32
200 7 0 6
130 2 43 58
4 11 56 8
249 16 23 24
410 10 46 18
347 10 34 4
299 16 44 9
442 10 31 7
89 21 9 16
387 9 1 10
285 18 3 51
480 9 1 34
396 10 45 46
110 21 8 32
492 16 23 54
231 6 57 34
320 17 40 45
373 10 30 46
229 5 13 43
375 10 30 40
44 2 41 7
240 6 56 11
277 6 57 16
4 15 50 52
276 10 37 1
225 5 11 51
260 16 23 12
97 21 8 11
297 16 42 8
314 10 49 45
3 15 50 46
2 13 5 30
307 10 45 52
106 2 41 24
2 13 8 54
1 9 0 23
356 10 31 18
486 16 22 46
274 18 3 12
291 11 3 43
330 10 49 27
321 10 48 40
531 10 34 33
367 10 39 8
344 16 13 31
381 10 38 35
401 17 43 39
305 16 44 42
384 10 47 32
322 10 33 40
232 18 4 35
179 6 59 32
191 6 56 50
227 5 12 11
387 16 20 57
206 6 56 59
101 21 10 13
178 6 59 3
255 17 44 56
2 15 52 41
316 16 21 35
95 21 8 23
230 18 3 8
102 2 44 33
326 16 41 30
54 2 44 45
884 17 42 49
1 11 55 56
346 6 56 14
207 5 13 34
382 10 33 49
197 6 59 6
65 21 9 58
211 18 4 17
231 6 57 19
253 17 43 27
76 21 9 31
49 2 42 56
456 9 2 42
349 16 11 21
99 2 42 29
395 16 23 21
179 6 58 30
258 18 4 47
54 2 43 25
213 18 1 17
306 10 45 34
341 17 41 26
383 10 33 25
44 2 43 22
299 17 43 12
371 16 12 53
65 2 44 30
379 10 48 46
283 16 20 39
288 9 3 7
373 16 40 37
434 10 33 58
496 17 41 14
149 5 10 22
209 5 15 6
423 16 12 11
58 2 40 10
317 16 13 40
1 17 40 12
287 16 12 44
376 16 42 44
376 16 22 34
233 18 1 50
397 9 4 13
163 21 5 56
168 5 14 27
47 21 7 39
292 6 57 37
563 16 42 26
352 16 41 0
381 16 42 38
406 17 42 55
344 17 43 18
463 16 43 46
412 10 45 55
446 17 43 30
250 16 22 28
67 21 7 1
272 18 5 10
343 18 1 41
54 21 7 42
397 10 32 20
392 10 38 56
327 10 31 42
393 11 3 9
463 9 3 1
1 11 58 44
330 16 22 22
205 6 58 1
5 15 50 55
356 10 32 32
429 10 47 35
2 13 7 13
253 17 40 33
442 16 42 59
347 16 41 45
64 2 41 18
329 17 40 57
347 10 32 59
178 18 0 42
343 9 0 47
396 16 41 57
171 6 57 8
341 10 35 53
80 21 9 49
150 5 11 30
419 10 47 6
78 21 10 3
439 10 48 16
1 19 29 42
1 15 52 23
301 16 23 9
55 2 44 57
42 2 45 6
408 16 12 5
434 16 25 4
364 16 14 30
3 19 28 28
65 2 44 54
219 18 1 29
262 6 55 42
346 18 3 30
261 10 32 6
475 10 39 43
383 11 4 48
405 10 48 37
357 16 24 35
319 10 49 12
365 10 31 39
84 21 8 35
302 16 41 27
124 21 6 2
217 5 13 52
87 21 9 2
289 17 41 2
340 16 12 41
369 16 14 39
70 10 34 51
248 18 4 4
3 13 8 39
298 16 23 27
479 10 36 34
410 10 39 37
93 2 42 3
72 21 9 25
199 5 15 0
354 10 38 29
131 21 5 59
477 11 2 7
325 16 12 17
299 18 2 49
306 11 3 6
231 5 13 10
323 10 35 35
40 21 7 30
221 5 14 21
288 17 43 48
226 16 44 48
308 18 3 27
170 21 5 44
339 16 14 42
356 16 22 1
239 6 58 51
356 11 3 3
400 16 41 12
457 11 1 12
65 2 41 15
36 21 7 36
294 9 2 48
436 10 47 47
225 18 4 23
342 9 2 24
1 16 40 25
240 6 55 39
322 16 43 7
279 18 4 29
515 10 31 1
181 6 59 47
202 6 56 9
121 21 9 5
415 9 1 31
1 10 35 26
1 15 50 58
250 18 1 7
338 10 32 23
58 2 44 18
73 21 9 52
271 6 56 3
346 9 2 36
319 11 4 33
358 18 3 15
363 10 39 5
63 2 40 46
246 6 59 59
79 21 9 8
344 11 4 24
405 10 35 59
166 6 59 38
3 19 28 46
182 6 58 45
1 19 26 45
2 19 25 40
2 13 7 6
85 21 8 26
460 16 21 29
330 16 43 58
429 11 1 24
1 17 39 55
366 10 34 36
370 10 48 22
390 17 43 6
1 13 7 19
160 2 41 27
340 16 13 34
249 18 1 23
318 18 4 59
288 17 44 29
389 9 2 27
178 21 5 38
1 11 57 12
295 17 43 0
406 10 46 39
373 11 3 37
381 16 10 28
353 16 12 38
242 18 2 55
349 11 2 29
423 10 33 52
331 11 3 16
402 16 10 52
301 9 0 35
443 10 33 43
323 11 4 2
305 16 24 32
329 9 3 35
220 5 14 54
349 16 44 45
398 18 5 16
440 11 1 30
328 16 42 56
339 10 31 15
324 9 1 43
402 10 46 45
237 18 5 6
324 6 56 35
329 10 31 30
154 6 59 29
187 18 2 46
1 10 35 0
302 17 44 11
466 17 42 34
296 5 12 14
212 5 12 59
1 5 10 5
287 10 38 38
360 18 5 19
264 16 22 25
498 16 21 8
85 2 43 28
348 18 0 45
245 17 45 13
93 2 44 24
405 11 4 51
386 9 4 16
295 17 44 20
510 9 3 47
2 13 6 47
503 9 2 8
351 10 37 24
70 2 44 39
1 13 9 20
368 16 44 30
1 13 9 26
429 16 21 17
354 16 14 18
194 6 56 32
281 11 4 18
332 16 23 39
352 11 2 20
68 21 8 59
305 10 32 11
322 10 39 19
155 6 56 41
96 21 9 37
365 11 3 10
387 9 3 38
346 16 22 16
322 11 2 1
379 10 35 50
173 6 59 23
392 11 4 45
354 16 40 46
171 5 10 13
341 11 4 36
287 16 20 36
357 10 47 44
364 10 47 3
417 9 2 15
201 5 13 58
86 2 43 34
421 16 22 40
253 5 14 15
166 5 12 47
401 16 11 3
169 6 58 4
388 10 30 52
360 5 13 40
203 5 13 46
481 10 38 9
281 16 13 10
166 5 11 12
196 5 10 28
341 10 31 33
1 19 30 17
302 16 24 56
234 5 13 37
337 10 35 47
165 5 14 51
377 10 39 28
85 2 44 7
1 13 6 59
401 10 46 21
342 16 21 41
360 10 48 34
227 18 2 43
57 21 8 56
249 6 57 31
346 10 34 45
387 11 0 43
1 12 0 15
363 9 2 45
68 21 8 6
383 17 44 26
385 9 3 56
400 10 48 5
392 16 11 9
305 10 31 54
462 11 0 49
334 10 34 39
361 10 34 7
46 21 7 27
301 16 12 35
1 16 19 49
313 16 20 51
149 5 12 38
337 16 24 44
508 10 36 22
171 5 14 36
259 17 42 25
382 11 1 33
305 5 13 28
376 16 24 20
101 21 6 10
443 11 1 8
212 6 59 0
393 10 45 40
309 17 45 25
223 5 11 18
419 10 46 30
183 5 12 23
452 10 36 43
208 6 58 12
250 6 55 24
83 2 44 12
421 10 46 54
320 16 21 26
184 6 57 10
239 17 44 50
285 11 3 25
359 11 1 5
369 10 37 4
336 10 46 12
198 5 13 16
386 10 33 28
391 16 21 44
309 11 3 55
166 6 58 42
430 10 47 11
3 13 9 7
229 5 12 29
443 18 2 37
313 10 37 30
363 10 46 24
304 16 44 12
161 6 57 52
146 2 43 13
99 21 8 47
338 16 42 11
241 6 59 14
465 10 39 46
270 17 45 1
104 2 43 19
310 16 20 42
71 2 42 47
3 19 27 23
246 6 57 58
386 9 1 3
1 19 28 19
399 10 37 15
369 16 14 45
404 16 41 39
221 17 41 50
294 16 23 45
510 10 30 28
105 21 6 25
444 10 38 3
261 18 4 1
264 10 31 45
326 10 33 2
334 16 13 52
393 10 47 9
295 2 41 45
107 21 8 44
330 11 3 52
388 16 24 8
77 21 9 19
75 2 43 8
172 6 56 26
421 11 1 15
412 10 48 28
117 21 5 32
65 2 40 19
400 9 1 37
370 16 11 30
390 9 1 46
237 18 5 9
374 10 30 43
354 10 30 34
386 16 42 50
393 10 48 19
327 10 36 8
253 17 44 44
312 10 37 7
334 10 49 7
74 2 42 0
406 11 2 4
330 11 3 40
330 16 11 24
56 2 44 36
337 16 23 18
455 10 47 41
111 2 42 9
85 21 5 47
53 21 7 48
323 17 43 9
460 10 47 50
303 10 48 31
74 2 42 35
3 18 0 27
369 10 48 55
396 9 1 55
151 5 10 46
387 9 4 34
408 16 11 6
143 21 6 22
370 16 13 58
405 9 4 9
378 16 13 28
355 10 45 37
262 16 20 45
270 16 11 27
351 10 33 34
190 5 10 16
479 16 21 11
424 10 45 43
249 5 12 26
354 16 42 23
245 5 12 53
299 16 41 48
361 16 13 4
150 6 57 40
416 16 22 7
373 10 36 5
69 2 43 40
470 17 42 46
354 11 1 54
4 11 56 2
414 16 43 22
113 2 43 43
16 15 53 10
171 5 10 37
531 10 37 18
313 11 0 55
216 5 14 42
190 6 58 15
357 9 3 50
4 13 10 4
349 10 47 56
386 11 4 27
252 17 42 22
527 10 33 13
7 17 45 28
312 16 11 42
438 10 36 25
348 16 42 47
275 10 32 44
261 17 43 57
289 16 24 41
75 2 42 26
81 21 10 9
62 2 45 0
342 16 20 54
345 9 4 10
322 11 4 15
282 16 43 13
252 18 3 57
508 16 43 52
353 10 34 42
198 9 4 43
581 16 21 14
443 16 43 31
1 19 29 15
327 16 13 49
298 18 2 6
347 11 2 53
355 10 48 58
352 10 36 52
262 5 11 57
323 10 38 41
370 9 4 25
411 11 3 34
452 10 36 55
224 18 0 30
60 2 44 51
1 11 58 41
67 21 10 0
375 10 30 49
423 9 1 25
394 9 3 53
279 16 23 6
260 17 42 1
49 21 7 51
263 18 4 44
219 6 55 36
218 5 11 33
300 9 0 32
188 6 58 39
75 2 43 2
246 17 41 44
333 16 23 48
342 16 21 32
304 10 30 37
139 5 12 32
325 11 4 39
1 13 5 54
282 16 43 10
47 21 7 57
123 5 10 55
55 21 6 40
213 6 59 35
464 10 30 58
416 11 0 37
108 21 5 35
3 13 6 53
191 5 14 24
382 9 3 41
426 11 1 39
340 11 4 30
3 19 27 50
363 10 39 22
2 15 52 38
468 10 38 6
348 16 14 12
324 18 4 53
100 21 10 19
241 17 44 38
81 2 40 34
222 18 1 59
88 21 8 53
226 5 15 3
408 17 41 29
139 21 5 53
169 5 14 48
256 6 58 57
334 10 32 47
200 18 2 52
223 5 13 2
486 10 48 25
361 10 37 42
418 16 43 34
385 10 46 7
206 6 59 53
95 2 42 6
385 10 48 10
2 15 50 49
204 18 1 1
78 2 40 55
240 6 55 27
240 18 0 48
306 10 34 18
206 6 56 56
339 9 1 6
300 17 42 13
450 16 25 1
274 10 31 57
365 16 10 49
149 6 55 7
351 10 38 26
431 16 21 23
386 10 37 39
314 16 41 54
392 18 5 22
407 10 35 29
1 11 57 39
301 10 38 17
228 6 55 30
87 2 43 10
101 2 44 4
386 9 4 19
73 2 41 21
364 16 13 22
71 2 41 4
309 5 13 25
385 10 33 10
390 10 32 35
284 17 43 42
572 10 34 21
371 17 41 32
1 15 54 42
374 18 1 38
450 10 37 36
250 5 12 0
253 17 44 41
338 11 0 28
272 17 41 38
407 10 46 27
269 6 55 12
461 10 37 48
366 11 2 32
100 21 6 28
69 21 10 25
125 2 41 42
206 17 41 47
168 5 14 39
401 16 14 27
340 9 3 32
223 6 56 29
340 11 2 47
371 16 14 15
126 2 44 1
352 9 3 4
310 16 43 25
304 16 20 30
433 10 33 22
72 21 6 55
406 16 10 31
212 18 1 44
348 11 3 28
467 10 33 8
80 21 9 34
130 2 40 25
565 16 43 37
339 16 44 15
339 16 44 39
322 10 31 48
364 10 34 15
326 16 14 3
361 10 36 2
378 17 42 19
212 5 14 45
389 11 1 42
395 9 1 0
349 16 40 53
312 18 3 10
312 10 37 40
493 16 42 9
288 17 43 7
343 16 22 56
149 6 58 5
401 10 48 0
270 9 4 35
3 15 54 46
492 10 34 34
279 17 44 36
355 16 13 20
261 6 57 26
334 9 1 47
335 16 13 17
505 16 43 32
238 17 42 5
483 9 1 38
217 18 5 4
429 10 30 56
121 21 5 30
210 5 14 49
348 16 41 4
371 10 34 5
1 11 59 53
384 10 36 6
1 17 40 25
209 10 49 52
58 2 43 29
80 21 9 3
255 18 2 23
391 10 34 37
192 5 14 22
91 2 42 1
376 10 34 2
297 10 48 44
494 9 4 4
396 11 4 55
346 10 47 24
250 17 44 15
240 6 57 0
418 16 23 52
206 18 1 18
380 9 1 44
1 10 44 30
4 13 8 3
236 18 0 49
187 6 56 18
58 21 7 22
362 16 24 15
394 18 5 17
300 16 40 41
485 10 36 17
3 11 55 39
110 2 41 55
275 17 42 26
114 21 6 3
235 18 2 53
302 10 32 4
206 6 57 3
205 5 12 36
543 16 43 44
446 10 48 20
421 10 48 11
309 17 45 5
289 16 44 1
520 11 1 16
339 11 0 56
243 6 57 38
292 11 3 20
370 16 11 40
203 2 41 52
369 16 41 55
1 15 52 21
245 18 0 37
210 6 55 46
325 16 21 54
386 9 3 2
47 21 7 19
208 18 2 20
295 11 4 16
2 13 7 38
251 18 3 52
284 9 3 8
277 6 58 16
406 9 2 16
482 16 43 56
302 10 32 30
161 6 59 42
371 11 1 10
69 21 9 17
334 10 45 47
432 16 14 46
271 6 56 36
260 17 42 11
351 16 44 34
165 6 59 57
338 16 10 56
76 2 44 16
183 5 13 59
342 16 41 40
405 11 2 2
212 5 13 32
56 21 6 59
74 2 41 2
357 10 34 19
325 16 13 32
440 10 39 41
1 19 27 42
171 6 58 52
2 15 52 42
382 10 39 6
414 16 14 40
349 16 40 59
269 11 3 41
374 17 40 28
398 18 3 34
2 11 57 25
362 16 11 13
353 6 55 22
276 18 1 42
519 9 3 48
174 6 59 33
291 18 4 27
365 9 0 45
316 11 2 33
3 19 26 37
263 10 49 31
208 5 10 23
384 9 4 20
75 2 44 40
398 10 35 30
388 9 2 55
261 16 41 7
308 11 3 4
54 2 43 20
2 5 10 6
1 13 6 54
3 13 7 44
467 18 3 46
307 17 42 23
140 5 10 59
167 5 12 45
200 6 58 31
415 16 12 3
474 16 21 21
241 18 1 57
374 10 46 28
218 18 1 15
183 6 59 36
182 18 1 30
261 11 4 0
304 17 41 15
56 2 42 54
346 16 43 11
366 10 37 46
303 18 4 48
408 16 13 41
409 10 37 31
360 16 44 46
317 10 49 25
561 16 12 21
359 9 0 36
287 17 44 9
376 16 13 38
345 16 22 29
280 18 3 31
48 21 7 28
473 16 11 52
52 2 40 32
253 18 1 8
440 11 4 49
130 5 12 1
42 21 7 16
239 6 55 52
543 16 42 30
327 17 40 55
373 16 20 43
344 17 41 12
330 10 35 39
231 16 20 37
212 18 1 36
123 2 40 41
206 6 55 28
338 16 23 55
191 6 57 32
387 18 2 38
402 16 42 6
118 2 42 33
359 10 32 15
622 16 13 5
423 10 45 41
444 11 1 19
296 17 44 18
91 2 40 29
84 21 6 47
456 10 47 48
418 10 47 57
261 6 55 19
235 17 44 57
369 10 31 40
82 2 40 59
195 5 12 27
314 16 22 2
552 11 0 50
66 2 44 19
265 17 43 25
536 16 42 27
505 16 22 50
343 16 11 7
370 16 42 39
444 10 46 52
501 16 21 9
368 16 13 56
243 16 23 25
396 16 24 54
135 5 14 40
316 16 11 25
379 10 36 38
391 11 2 54
89 21 5 42
398 10 38 45
509 16 42 18
1 6 55 2
363 16 14 31
338 10 36 0
395 11 1 37
190 6 59 51
225 5 12 30
377 10 48 17
410 10 34 25
96 21 5 36
371 11 4 25
313 16 24 24
232 6 58 25
198 6 56 1
93 2 43 32
3 13 6 48
95 2 42 12
303 18 3 19
320 18 4 51
6 10 35 27
521 10 39 47
165 5 11 25
143 5 12 24
366 9 3 15
286 18 2 11
151 21 5 51
364 9 4 17
470 10 37 19
291 17 44 42
325 16 10 59
359 16 24 21
256 18 1 48
43 2 44 58
164 5 15 1
323 10 49 19
399 16 40 50
151 21 9 23
217 18 0 43
422 10 46 10
344 10 39 38
330 6 55 13
385 10 38 30
384 16 14 16
352 16 44 16
461 10 33 9
63 21 7 10
417 11 3 35
503 16 21 18
192 6 59 12
69 2 43 17
379 9 3 18
52 2 44 22
500 16 21 6
378 10 38 42
316 17 45 20
78 21 9 47
206 5 12 12
270 5 13 26
306 16 41 28
347 10 49 22
51 21 7 25
182 5 13 0
69 2 40 35
399 9 3 57
6 13 9 42
392 10 38 27
373 16 43 23
413 10 48 23
383 16 10 35
323 10 32 36
186 6 57 41
320 9 3 5
319 11 4 52
327 16 11 19
2 11 59 26
199 6 55 37
399 9 3 36
114 21 5 54
478 10 38 12
1 10 44 36
283 17 41 45
342 10 39 26
330 10 39 17
461 16 10 38
172 6 55 58
81 21 8 21
208 5 11 5
188 5 11 31
244 5 13 23
107 21 10 20
264 17 45 14
305 16 20 46
298 16 41 31
345 10 31 37
67 21 8 54
1 10 30 3
314 10 35 57
389 10 48 35
382 9 4 11
253 5 14 19
341 17 45 26
264 17 41 0
385 17 45 8
183 5 10 38
216 5 10 9
368 9 1 11
2 19 28 2
98 21 10 26
364 10 32 45
240 18 3 3
375 10 34 49
319 16 42 33
350 10 48 26
374 10 30 41
274 18 5 7
81 21 9 26
375 9 2 34
1 11 55 33
267 6 57 35
310 16 41 22
336 10 45 32
310 17 42 20
74 21 9 35
352 11 2 5
1 10 29 48
242 16 23 13
205 5 11 28
321 17 41 30
62 2 40 23
242 17 44 6
259 16 22 26
118 2 41 10
281 17 41 57
173 5 14 52
545 16 43 47
352 9 1 59
161 6 57 6
322 11 4 40
393 16 20 58
351 10 31 31
417 10 34 40
91 2 42 4
418 10 31 13
393 10 31 43
243 5 15 4
202 6 57 50
2 11 59 20
339 10 36 32
429 10 46 19
417 10 36 9
45 7 0 7
329 16 21 33
330 11 4 37
110 21 6 11
226 18 4 12
260 6 57 17
353 11 0 29
48 21 7 58
1 19 28 17
72 21 6 35
273 6 59 45
95 21 6 6
434 11 1 40
194 5 14 25
544 10 47 7
256 17 40 40
64 2 40 50
325 11 4 31
451 10 46 5
140 2 43 3
1 10 30 14
375 10 33 17
2 11 59 23
408 10 33 23
437 11 1 22
310 10 37 5
44 2 45 4
398 10 36 41
439 9 3 30
317 16 12 15
197 17 41 48
337 16 14 34
501 10 33 56
1 13 6 45
1 15 55 0
208 6 55 34
391 16 41 25
435 16 44 31
442 10 33 53
188 6 59 39
106 2 41 34
162 6 56 7
403 11 2 21
252 16 14 52
360 10 34 16
3 11 59 41
317 18 2 26
406 10 37 58
57 2 43 47
311 9 1 56
59 2 44 49
109 21 8 45
464 9 1 41
417 16 24 39
347 16 23 1
197 18 0 40
323 17 41 42
46 2 44 28
320 17 43 4
217 6 57 9
352 10 38 15
93 21 6 23
312 11 4 46
43 2 45 1
2 15 52 57
350 10 37 28
252 18 3 22
415 10 46 49
150 5 11 40
102 2 44 5
422 16 21 12
324 16 23 43
257 18 5 23
464 16 10 32
484 10 33 35
394 16 23 49
175 2 42 51
321 17 43 13
415 10 46 16
344 10 49 28
169 5 10 29
75 21 8 18
429 16 10 29
168 6 57 53
263 18 4 21
364 18 3 40
227 6 56 42
467 10 36 56
339 10 33 3
417 10 46 25
404 10 33 26
577 16 21 0
358 16 22 53
282 16 22 5
446 10 38 21
60 2 43 0
1 19 29 37
296 17 41 6
371 16 12 6
355 11 3 32
144 2 40 56
369 10 38 33
216 6 57 29
88 21 10 7
201 6 59 18
152 21 5 33
203 5 14 37
260 6 55 8
429 10 30 47
338 18 3 49
350 10 32 39
183 5 13 56
304 16 23 22
348 10 30 53
83 21 9 11
365 10 45 29
2 11 59 38
73 2 43 44
403 11 2 24
387 10 35 54
49 21 9 41
354 10 38 51
196 5 13 9
179 5 12 33
390 11 0 59
208 5 11 43
493 10 34 8
324 11 3 1
78 21 8 48
315 10 32 7
3 13 6 42
410 16 44 22
449 10 49 49
414 10 47 39
2 12 0 25
198 5 13 6
395 9 2 3
409 11 0 53
80 2 43 14
205 18 0 55
150 5 11 8
398 9 1 23
167 6 58 55
173 6 58 46
427 9 2 31
288 18 2 35
337 11 3 56
1 19 28 32
249 18 5 14
344 16 23 19
3 15 52 39
301 11 1 58
419 10 49 13
5 9 0 27
424 16 14 1
2 6 54 47
452 16 10 44
411 18 3 37
270 5 10 32
334 5 13 35
448 11 0 44
601 17 41 33
1 13 5 31
238 6 59 54
362 16 44 28
334 16 13 50
267 17 41 36
323 18 5 20
105 2 42 18
326 11 4 22
329 17 43 19
182 5 12 15
320 10 31 28
160 2 40 14
90 2 41 49
345 16 40 56
1 15 53 38
198 18 1 45
69 2 44 34
283 18 2 14
422 10 39 0
231 17 44 45
2 15 50 53
472 9 1 26
357 9 1 53
336 16 20 52
360 10 32 48
349 16 24 9
64 21 7 2
1 5 9 10
558 17 42 29
437 17 41 18
474 17 41 27
383 9 4 26
390 9 2 13
360 16 14 37
467 10 38 48
1 16 40 5
318 16 13 35
90 21 8 24
112 2 40 9
213 6 58 10
447 9 2 6
422 16 12 18
86 2 42 30
387 16 13 59
508 10 33 47
408 10 37 16
341 11 2 36
367 10 47 15
420 10 34 10
61 21 7 5
323 16 24 57
404 11 1 34
515 16 43 41
414 10 31 52
353 11 2 42
92 2 42 24
343 9 4 14
74 2 44 46
274 17 43 28
79 2 41 22
461 9 2 25
336 9 0 42
248 18 4 24
307 6 57 11
181 5 11 37
334 10 38 18
384 10 31 2
1 13 10 10
55 2 44 37
362 9 2 10
317 16 14 10
372 16 20 49
393 10 30 50
268 5 13 53
343 10 37 22
1 13 7 1
368 16 22 20
348 10 48 38
247 18 4 33
225 5 14 55
364 16 12 30
77 2 41 19
398 16 41 1
289 5 12 4
494 11 1 13
1 11 55 57
1 6 54 9
323 11 4 28
234 5 10 50
3 15 54 40
364 17 42 50
241 18 2 50
427 10 36 44
374 11 3 26
87 21 10 14
65 2 43 6
192 5 14 31
290 16 24 30
386 10 33 20
285 17 43 49
404 16 12 36
282 17 43 58
299 17 43 10
309 9 3 39
304 17 40 58
333 17 44 27
97 21 9 44
349 10 36 50
300 16 23 28
311 16 24 6
245 5 13 38
214 6 56 33
379 10 31 46
454 9 1 35
215 6 58 19
2 11 59 6
423 11 4 6
280 11 4 19
324 10 47 45
646 17 42 44
105 2 44 8
594 16 43 35
292 16 20 40
96 2 40 17
518 9 4 23
425 11 4 3
300 10 49 43
246 6 55 43
250 6 59 1
322 10 32 51
432 10 34 28
4 13 5 43
296 10 48 56
276 9 2 49
424 16 43 59
370 17 40 43
409 10 33 41
227 18 4 8
418 10 48 3
257 6 58 13
491 16 42 15
363 16 41 43
55 21 7 55
346 10 39 11
329 10 45 38
335 16 24 48
259 10 32 54
341 9 3 24
271 17 44 3
331 11 2 15
384 10 47 12
406 9 4 32
284 16 22 11
376 10 32 33
284 10 49 40
486 10 46 31
1 10 34 58
1 13 5 28
330 17 44 0
324 16 41 19
402 16 24 3
296 16 41 37
304 17 43 16
3 13 9 39
165 7 0 1
268 16 23 31
3 12 0 9
239 6 55 40
344 18 4 57
284 17 43 55
130 2 40 20
4 13 8 22
377 10 39 9
1 11 59 59
1 19 27 54
349 10 31 10
444 10 36 26
416 9 3 12
197 5 10 44
324 17 40 37
291 10 38 39
414 10 32 42
336 10 46 8
77 2 42 48
184 5 12 51
340 16 41 46
323 16 44 19
95 2 43 9
1 17 40 22
283 17 43 40
299 5 12 18
58 2 40 11
80 2 44 25
312 16 43 5
376 9 2 28
284 17 44 30
459 16 42 3
3 19 28 11
352 16 21 45
354 16 40 32
363 16 12 33
210 18 2 47
416 10 30 59
61 21 9 56
282 18 4 18
400 10 47 51
1 13 8 31
341 16 24 42
265 17 41 24
164 5 13 29
466 17 45 23
337 16 11 10
409 11 1 0
129 21 6 14
60 2 42 27
317 10 46 2
280 16 22 17
331 10 31 34
199 6 57 56
339 10 37 2
68 2 40 47
210 5 14 2
323 18 4 54
353 10 31 19
284 18 4 45
210 5 13 11
262 17 42 14
2 13 7 41
412 16 12 42
164 5 11 2
93 21 10 4
292 16 43 8
294 16 11 16
97 21 9 38
401 11 2 12
356 16 14 22
379 10 45 50
322 16 24 36
61 2 41 16
1 13 5 25
253 17 43 1
78 2 42 21
289 10 49 34
247 18 1 2
141 6 58 49
447 10 38 54
2 11 57 19
72 21 10 23
349 6 55 49
310 16 42 54
91 21 8 36
195 6 59 4
166 21 10 17
440 16 22 41
2 13 6 15
252 6 57 23
6 11 57 5
41 21 6 50
374 10 37 43
378 10 32 18
254 18 3 13
462 11 2 51
2 19 29 7
312 18 4 36
203 5 11 13
504 11 3 38
185 2 41 46
341 17 43 37
367 10 48 6
350 10 45 35
89 21 8 33
88 21 8 7
280 16 41 34
2 19 27 15
485 16 22 32
200 6 58 22
411 10 45 59
357 16 11 43
388 11 0 35
386 16 11 37
239 6 58 2
91 2 40 53
147 2 42 39
362 10 39 29
237 5 14 13
509 10 48 50
283 17 42 17
305 10 36 53
85 21 9 29
361 16 24 12
504 5 13 41
230 18 0 31
406 16 13 8
77 21 9 59
240 6 56 12
466 16 11 34
166 5 10 17
65 2 40 44
175 6 59 48
183 5 14 28
220 5 11 55
355 10 32 1
352 16 23 37
203 18 4 5
395 10 35 33
387 10 36 11
49 21 7 52
267 5 12 7
331 18 5 11
274 18 5 26
285 16 23 10
331 10 47 4
1 13 5 34
318 10 49 2
393 5 11 52
414 9 2 22
243 18 0 58
604 17 41 9
99 21 6 9
214 18 2 4
338 18 5 1
80 2 43 11
64 21 7 31
385 10 33 32
285 9 3 33
360 17 44 12
209 5 10 53
248 5 10 35
424 10 36 20
79 2 42 45
78 21 10 1
41 21 7 40
236 18 2 59
439 10 37 55
217 6 55 31
159 6 56 51
177 6 59 27
2 13 8 16
203 6 56 27
437 11 0 38
2 13 9 45
473 16 43 38
298 16 44 40
80 2 44 55
372 10 47 33
150 5 10 14
320 10 47 30
473 16 11 31
230 6 56 57
259 16 20 28
376 10 48 47
5 19 28 5
1 15 52 48
71 2 44 10
156 5 12 48
388 11 2 8
363 16 23 34
338 16 23 40
165 5 12 54
483 16 21 24
398 10 31 22
167 5 11 34
95 2 42 42
445 9 2 9
76 21 9 0
361 10 39 20
228 5 13 17
369 9 3 54
230 6 56 54
220 18 0 28
315 18 3 16
301 10 37 25
431 16 14 13
343 16 42 57
88 21 8 39
163 5 10 47
310 16 12 39
1 15 50 41
446 16 21 30
309 18 2 1
354 16 23 7
388 10 46 46
291 17 42 53
234 18 1 33
531 10 33 44
97 21 9 14
417 10 37 49
370 17 42 59
195 18 2 44
345 11 3 7
378 10 48 53
293 18 2 41
400 17 41 39
347 10 48 9
214 5 13 3
175 5 14 8
59 21 7 49
292 11 3 44
28 2 44 52
2 13 7 59
366 10 45 56
373 10 31 58
373 10 35 42
205 5 13 47
387 11 1 31
66 21 6 53
357 10 33 6
260 18 1 51
366 11 1 3
121 21 6 32
154 7 0 4
334 6 56 39
404 10 37 37
416 18 3 28
236 18 1 5
102 2 42 15
341 10 48 41
3 13 5 40
222 5 14 46
307 21 6 20
282 17 45 11
401 9 0 48
146 5 10 56
279 17 41 3
3 15 50 56
386 9 4 7
193 5 14 5
1 19 27 33
295 17 44 39
295 17 43 52
360 16 40 38
249 5 14 16
464 9 1 20
439 10 47 1
239 6 57 14
274 18 2 56
116 21 6 26
99 21 8 27
89 21 8 4
299 17 44 24
219 18 1 12
366 11 3 17
1 13 6 51
160 5 14 34
438 10 47 42
80 21 10 11
2 15 54 49
342 11 4 10
204 6 57 47
91 2 41 13
260 17 43 31
145 6 57 20
443 16 13 53
287 16 41 10
1 13 8 49
357 11 4 13
420 11 1 9
404 16 12 0
269 17 41 54
371 16 43 14
457 10 31 5
420 11 1 25
414 10 46 13
389 16 21 15
205 18 3 0
55 2 43 23
87 2 42 36
4 19 28 20
230 5 12 57
344 9 2 43
338 17 40 34
3 12 0 3
338 16 24 45
459 17 42 47
272 17 44 48
111 21 6 17
299 17 45 2
228 6 56 48
385 16 21 57
323 18 3 25
338 10 31 49
343 16 42 48
333 16 13 11
163 6 59 7
142 6 59 21
312 11 1 55
246 17 40 31
381 10 30 44
322 16 12 12
122 2 41 37
72 21 9 53
345 16 13 44
428 10 47 21
313 16 13 29
374 9 2 19
541 10 30 29
363 10 47 54
252 18 2 17
233 18 1 54
382 10 33 50
303 16 12 27
1 16 9 51
416 10 39 3
404 10 46 58
4 15 52 54
320 11 4 34
374 10 38 57
334 16 42 42
318 16 21 36
3 11 55 45
284 6 55 16
354 10 37 10
277 18 4 30
389 16 44 25
399 10 31 25
287 18 3 43
67 2 43 53
439 9 2 58
281 16 24 33
373 11 2 48
327 17 44 54
332 16 12 51
385 16 13 47
237 6 59 30
372 16 23 4
373 10 49 8
404 11 1 6
422 11 2 18
302 10 32 57
307 6 58 58
296 9 4 41
404 16 22 35
466 10 38 4
382 10 33 0
224 5 13 20
373 16 10 53
104 21 6 38
435 17 42 56
129 21 8 1
291 10 49 10
101 2 43 50
265 18 2 7
285 17 41 51
323 16 21 39
309 11 2 45
90 21 8 12
269 17 40 52
327 16 25 2
178 6 58 43
400 16 42 21
112 2 44 2
75 21 9 32
278 17 43 43
361 16 43 53
181 18 0 34
424 10 38 24
69 2 43 26
383 16 10 47
332 16 23 58
335 16 12 45
60 2 44 43
4 13 9 51
734 16 11 55
355 10 33 11
68 2 42 57
384 9 0 51
193 2 41 43
1 11 57 37
323 16 22 23
242 6 56 21
81 21 8 15
405 16 43 20
422 9 1 29
112 2 41 28
538 10 33 29
70 21 8 57
343 10 39 14
270 11 3 29
203 6 56 30
1 13 8 43
301 18 4 2
352 16 24 18
271 18 4 42
356 10 48 59
410 10 46 34
271 10 32 12
271 5 13 44
366 10 36 35
287 16 23 16
352 16 12 24
1 11 57 31
300 16 42 45
387 16 44 13
298 17 42 8
233 6 56 4
335 9 2 46
1 19 26 10
47 2 44 31
301 17 42 2
329 11 3 14
277 16 24 27
305 17 43 46
344 10 48 29
132 5 11 49
160 2 41 40
77 21 9 6
453 9 3 45
225 5 12 42
408 10 37 8
27 2 40 6
306 9 1 7
59 2 43 35
602 16 43 29
2 21 5 27
3 15 50 59
369 10 37 34
139 2 44 13
53 2 41 8
411 9 0 54
228 6 57 59
105 21 6 41
366 16 21 42
351 16 23 46
162 5 12 39
377 16 10 50
1 16 10 17
2 15 53 11
81 21 8 51
199 6 58 28
421 10 48 14
381 16 14 28
363 10 36 47
436 11 4 43
77 5 15 7
244 5 11 16
347 9 0 39
264 16 40 44
362 9 2 52
238 5 11 46
390 16 44 43
337 16 13 2
1 10 35 21
215 5 11 10
431 16 10 41
1 10 45 9
402 9 1 1
449 10 36 29
379 10 33 38
236 18 4 15
397 10 34 13
299 18 3 55
1 19 29 31
411 10 31 16
345 10 49 46
60 21 7 46
1 11 55 36
205 6 55 10
208 5 14 10
248 18 3 6
4 15 52 51
256 18 0 46
308 17 43 34
438 9 2 0
383 10 46 55
279 5 13 14
313 10 49 5
429 16 41 49
201 18 2 32
341 9 0 33
332 10 31 55
75 21 9 20
484 16 14 25
280 16 13 14
486 16 42 12
1 19 25 23
521 10 34 46
1 19 28 59
1 19 30 6
353 10 30 38
352 10 35 48
115 2 41 58
234 6 59 15
5 11 58 21
415 9 4 38
412 10 49 16
405 9 1 32
187 18 1 21
67 21 7 43
524 11 0 47
366 10 32 21
2 11 58 42
438 9 1 4
143 21 5 45
378 10 47 36
407 9 4 1
367 16 11 46
188 6 58 8
364 16 43 26
444 10 39 35
384 10 37 13
378 16 22 8
447 16 21 3
259 6 59 24
284 16 42 24
76 21 6 56
197 18 1 27
350 17 40 49
373 10 35 36
342 11 3 47
103 16 25 5
1 10 45 26
60 21 7 8
288 18 1 24
407 9 3 42
557 10 34 22
224 5 10 41
300 16 21 48
108 2 43 59
459 9 1 50
458 16 12 48
396 10 31 8
344 16 42 51
436 10 34 31
330 16 44 7
316 17 42 41
341 11 4 9
365 10 33 59
274 16 20 31
396 16 41 52
467 16 24 0
393 17 42 32
232 17 44 33
271 6 56 15
396 16 12 54
252 16 20 34
66 2 43 41
235 18 3 58
306 17 45 17
67 21 8 42
335 11 1 43
227 6 56 24
329 9 2 40
278 16 11 28
266 16 20 55
352 10 49 37
310 11 1 46
236 6 57 44
473 11 2 27
263 16 21 27
3 11 59 32
346 16 22 59
451 17 41 21
84 21 6 29
349 16 40 29
185 5 11 19
116 21 6 0
379 10 47 18
305 16 11 22
663 16 11 49
402 16 13 23
335 16 44 10
430 10 45 44
70 2 43 38
185 5 10 11
343 16 41 16
354 16 22 44
235 18 4 39
105 21 5 48
387 10 32 27
452 16 12 9
424 17 42 38
210 5 14 43
3 15 54 43
128 2 40 26
436 11 0 32
316 11 3 53
396 9 3 51
306 11 2 30
399 10 38 7
2 15 50 38
486 10 46 22
88 21 8 30
95 2 43 56
411 16 14 43
306 10 30 35
381 18 0 52
405 16 11 58
291 5 10 26
261 18 3 9
175 2 41 25
352 18 1 39
389 11 1 28
352 11 2 39
1 16 20 25
74 21 9 50
303 11 1 49
105 21 9 9
2 13 7 32
393 11 0 41
418 10 39 23
335 16 22 14
184 6 58 40
289 11 3 50
289 16 21 51
245 18 2 29
469 9 1 17
362 10 35 51
353 10 30 32
520 16 22 38
342 10 35 45
367 17 44 21
206 6 55 25
539 16 41 58
167 2 41 31
235 5 11 58
1 13 8 10
422 16 14 19
270 10 39 32
206 6 58 34
443 17 42 35
728 16 43 50
503 16 22 47
418 16 40 35
446 9 3 27
180 5 14 58
359 16 24 51
411 16 43 2
189 5 10 20
330 11 3 59
180 5 12 21
181 6 56 45
472 9 4 29
1 17 59 39
250 17 44 51
111 21 5 39
355 9 1 14
255 17 40 46
2 11 59 44
319 9 3 21
365 16 44 37
358 16 42 36
56 21 7 13
360 10 47 27
194 5 11 22
386 11 1 52
330 16 11 4
454 10 38 1
475 10 46 40
497 9 0 57
394 10 46 37
429 9 2 37
174 6 58 37
30 21 7 37
395 16 12 57
84 2 40 38
93 2 42 7
311 16 43 17
322 16 11 1
350 16 14 4
318 17 43 22
47 21 7 34
1 10 30 17
373 10 34 43
309 11 3 11
311 11 2 57
473 10 37 52
411 10 36 14
188 5 13 50
357 10 32 24
381 9 0 30
320 10 48 32
275 16 44 4
104 21 5 57
282 10 36 59
397 10 46 43
393 16 42 0
351 16 14 7
369 16 14 49
443 16 41 13
77 21 6 44
74 2 41 5
313 16 13 26
415 10 36 23
387 10 39 44
2 19 29 58
344 10 36 3
4 15 50 47
283 10 45 53
328 10 38 36
404 16 40 47
408 10 33 14
414 11 3 23
209 6 55 55
